  0.300000000000000      -0.645154753757675     
  0.305555555555556      -0.666381796036699     
  0.311111111111111      -0.686930787929944     
  0.316666666666667      -0.706813376992644     
  0.322222222222222      -0.726041210780030     
  0.327777777777778      -0.744625936847338     
  0.333333333333333      -0.762579202749799     
  0.338888888888889      -0.779912656042647     
  0.344444444444444      -0.796637944281115     
  0.350000000000000      -0.812766715020437     
  0.355555555555556      -0.828310615815845     
  0.361111111111111      -0.843281294222573     
  0.366666666666667      -0.857690397795855     
  0.372222222222222      -0.871549574090922     
  0.377777777777778      -0.884870470663010     
  0.383333333333333      -0.897664735067349     
  0.388888888888889      -0.909944014859176     
  0.394444444444444      -0.921719957593721     
  0.400000000000000      -0.933004210826219     
  0.411111111111111      -0.954144239006004     
  0.422222222222222      -0.973457279840399     
  0.433333333333333      -0.991036513771267     
  0.444444444444444       -1.00697512124048     
  0.455555555555556       -1.02136628268989     
  0.466666666666667       -1.03430317856138     
  0.477777777777778       -1.04587898929680     
  0.488888888888889       -1.05618689533803     
  0.500000000000000       -1.06532007712692     
  0.511111111111111       -1.07337171510535     
  0.522222222222222       -1.08043498971518     
  0.533333333333333       -1.08660308139828     
  0.544444444444445       -1.09196917059651     
  0.555555555555556       -1.09662643775173     
  0.566666666666667       -1.10066806330582     
  0.577777777777778       -1.10418722770064     
  0.588888888888889       -1.10727711137806     
  0.600000000000000       -1.11003089477993     
  0.611111111111111       -1.11252724555308     
  0.622222222222222       -1.11478678016405     
  0.633333333333333       -1.11681560228435     
  0.644444444444444       -1.11861981558550     
  0.655555555555556       -1.12020552373898     
  0.666666666666667       -1.12157883041631     
  0.677777777777778       -1.12274583928898     
  0.688888888888889       -1.12371265402851     
  0.700000000000000       -1.12448537830639     
  0.711111111111111       -1.12507011579412     
  0.722222222222222       -1.12547297016322     
  0.733333333333333       -1.12570004508519     
  0.744444444444444       -1.12575744423152     
  0.755555555555556       -1.12565127127372     
  0.766666666666667       -1.12538762988329     
  0.777777777777778       -1.12497262373175     
  0.788888888888889       -1.12441235649058     
  0.800000000000000       -1.12371293183130     
  0.811111111111111       -1.12288054300091     
  0.822222222222222       -1.12192174154841     
  0.833333333333333       -1.12084316859829     
  0.844444444444444       -1.11965146527505     
  0.855555555555556       -1.11835327270319     
  0.866666666666667       -1.11695523200721     
  0.877777777777778       -1.11546398431161     
  0.888888888888889       -1.11388617074088     
  0.900000000000000       -1.11222843241953     
  0.911111111111111       -1.11049741047205     
  0.922222222222222       -1.10869974602293     
  0.933333333333333       -1.10684208019669     
  0.944444444444444       -1.10493105411781     
  0.955555555555556       -1.10297330891079     
  0.966666666666667       -1.10097548570013     
  0.977777777777778       -1.09894422561034     
  0.988888888888889       -1.09688616976590     
   1.00000000000000       -1.09480795929131     
   1.01111111111111       -1.09271524674293     
   1.02222222222222       -1.09060973040448     
   1.03333333333333       -1.08849211999154     
   1.04444444444444       -1.08636312521968     
   1.05555555555556       -1.08422345580450     
   1.06666666666667       -1.08207382146155     
   1.07777777777778       -1.07991493190643     
   1.08888888888889       -1.07774749685471     
   1.10000000000000       -1.07557222602197     
   1.11111111111111       -1.07338982912379     
   1.12222222222222       -1.07120101587574     
   1.13333333333333       -1.06900649599340     
   1.14444444444444       -1.06680697919235     
   1.15555555555556       -1.06460317518818     
   1.16666666666667       -1.06239579369645     
   1.17777777777778       -1.06018554443274     
   1.18888888888889       -1.05797313711264     
   1.20000000000000       -1.05575928145173     
   1.21111111111111       -1.05354466219680     
   1.22222222222222       -1.05132986421958     
   1.23333333333333       -1.04911544742302     
   1.24444444444444       -1.04690197171007     
   1.25555555555556       -1.04468999698368     
   1.26666666666667       -1.04248008314680     
   1.27777777777778       -1.04027279010238     
   1.28888888888889       -1.03806867775337     
   1.30000000000000       -1.03586830600272     
   1.31111111111111       -1.03367223475338     
   1.32222222222222       -1.03148102390830     
   1.33333333333333       -1.02929523337043     
   1.34444444444444       -1.02711542304272     
   1.35555555555556       -1.02494215282812     
   1.36666666666667       -1.02277598262959     
   1.37777777777778       -1.02061747235006     
   1.38888888888889       -1.01846718189249     
   1.40000000000000       -1.01632567115984     
   1.41111111111111       -1.01419342314359     
   1.42222222222222       -1.01207061318942     
   1.43333333333333       -1.00995733973156     
   1.44444444444444       -1.00785370120424     
   1.45555555555556       -1.00575979604166     
   1.46666666666667       -1.00367572267806     
   1.47777777777778       -1.00160157954765     
   1.48888888888889      -0.999537465084669     
   1.50000000000000      -0.997483477723331     
   1.51111111111111      -0.995439715897859     
   1.52222222222222      -0.993406278042477     
   1.53333333333333      -0.991383262591409     
   1.54444444444444      -0.989370767978876     
   1.55555555555556      -0.987368892639102     
   1.56666666666667      -0.985377735006309     
   1.57777777777778      -0.983397393514721     
   1.58888888888889      -0.981427966598561     
   1.60000000000000      -0.979469552692050     
   1.62222222222222      -0.975586010105834     
   1.64444444444444      -0.971746815534659     
   1.66666666666667      -0.967951871218071     
   1.68888888888889      -0.964201079395620     
   1.71111111111111      -0.960494342306853     
   1.73333333333333      -0.956831562191316     
   1.75555555555556      -0.953212641288558     
   1.77777777777778      -0.949637481838125     
   1.80000000000000      -0.946105986079566     
   1.82222222222222      -0.942618056252428     
   1.84444444444444      -0.939173594596259     
   1.86666666666667      -0.935772503350605     
   1.88888888888889      -0.932414684755015     
   1.91111111111111      -0.929100041049036     
   1.93333333333333      -0.925828474472216     
   1.95555555555556      -0.922599887264101     
   1.97777777777778      -0.919414181664240     
   2.00000000000000      -0.916271259912180     
   2.11111111111111      -0.901190507006046     
   2.22222222222222      -0.887137804744992     
   2.33333333333333      -0.874074051590387     
   2.44444444444444      -0.861960146003597     
   2.55555555555556      -0.850756986445992     
   2.66666666666667      -0.840425471378938     
   2.77777777777778      -0.830926499263804     
   2.88888888888889      -0.822220968561956     
   3.00000000000000      -0.814269777734764     
   3.11111111111111      -0.807033825243594     
   3.22222222222222      -0.800474009549815     
   3.33333333333333      -0.794551229114794     
   3.44444444444444      -0.789226382399900     
   3.55555555555556      -0.784460367866499     
   3.66666666666667      -0.780214083975959     
   3.77777777777778      -0.776448429189649     
   3.88888888888889      -0.773124301968937     
   4.00000000000000      -0.770202600775189     
   4.11111111111111      -0.767644224069774     
   4.22222222222222      -0.765410070314059     
   4.33333333333333      -0.763461037969413     
   4.44444444444444      -0.761758025497203     
   4.55555555555556      -0.760261931358797     
   4.66666666666667      -0.758933654015562     
   4.77777777777778      -0.757734091928867     
   4.88888888888889      -0.756624143560079     
   5.00000000000000      -0.755564707370566     
   5.11111111111111      -0.754516681821695     
   5.22222222222222      -0.753440965374836     
   5.33333333333333      -0.752298456491354     
   5.44444444444444      -0.751050053632619     
   5.55555555555556      -0.749656655259997     
   5.66666666666667      -0.748079159834857     
   5.77777777777778      -0.746278465818567     
   5.88888888888889      -0.744215471672493     
   6.00000000000000      -0.741851075858005     
